0.00 
100.0 100.0 
150.0 300.0 150.0 
175.0 425.0 425.0 175.0 
187.5 500.0 625.0 500.0 187.5 
193.75 543.75 762.5 762.5 543.75 193.75 
196.88 568.75 853.12 962.5 853.12 568.75 196.88 
198.44 582.82 910.93 1107.81 1107.81 910.93 582.82 198.44 
199.22 590.63 946.88 1209.37 1307.81 1209.37 946.88 590.63 199.22 
199.61 594.92 968.76 1278.12 1458.59 1458.59 1278.12 968.76 594.92 199.61 
199.81 597.26 981.84 1323.44 1568.36 1658.59 1568.36 1323.44 981.84 597.26 199.81 
199.91 598.53 989.55 1352.64 1645.9 1813.47 1813.47 1645.9 1352.64 989.55 598.53 199.91 
199.95 599.22 994.04 1371.1 1699.27 1929.68 2013.47 1929.68 1699.27 1371.1 994.04 599.22 199.95 
199.97 599.59 996.63 1382.57 1735.18 2014.48 2171.58 2171.58 2014.48 1735.18 1382.57 996.63 599.59 199.97 
199.99 599.78 998.11 1389.6 1758.88 2074.83 2293.03 2371.58 2293.03 2074.83 1758.88 1389.6 998.11 599.78 199.99 
200.0 599.88 998.95 1393.86 1774.24 2116.86 2383.93 2532.31 2532.31 2383.93 2116.86 1774.24 1393.86 998.95 599.88 200.0 
200.0 599.94 999.41 1396.4 1784.05 2145.55 2450.39 2658.12 2732.31 2658.12 2450.39 2145.55 1784.05 1396.4 999.41 599.94 200.0 
200.0 599.97 999.67 1397.9 1790.22 2164.8 2497.97 2754.26 2895.22 2895.22 2754.26 2497.97 2164.8 1790.22 1397.9 999.67 599.97 200.0 
200.0 599.99 999.82 1398.79 1794.06 2177.51 2531.39 2826.11 3024.74 3095.22 3024.74 2826.11 2531.39 2177.51 1794.06 1398.79 999.82 599.99 200.0 
200.0 600.0 999.91 1399.31 1796.42 2185.78 2554.45 2878.75 3125.43 3259.98 3259.98 3125.43 2878.75 2554.45 2185.78 1796.42 1399.31 999.91 600.0 200.0 
200.0 600.0 999.95 1399.61 1797.87 2191.1 2570.11 2916.6 3202.09 3392.7 3459.98 3392.7 3202.09 2916.6 2570.11 2191.1 1797.87 1399.61 999.95 600.0 200.0 
200.0 600.0 999.98 1399.78 1798.74 2194.48 2580.61 2943.36 3259.35 3497.39 3626.34 3626.34 3497.39 3259.35 2943.36 2580.61 2194.48 1798.74 1399.78 999.98 600.0 200.0 
200.0 600.0 999.99 1399.88 1799.26 2196.61 2587.55 2961.99 3301.36 3578.37 3761.86 3826.34 3761.86 3578.37 3301.36 2961.99 2587.55 2196.61 1799.26 1399.88 999.99 600.0 200.0 
Elapsed time: 0.010723399999996275 seconds
Number of function calls: 782
Number of cache hits: 506